1.81849
4.2544
2.54922
4.5324
2.48729
4.00198
3.80463
3.5855
3.69161
3.85511
3.46313
3.97926
4.11374
3.08638
3.85408
4.61288
5.01194
5.30799
3.93129
4.5038
4.55937
5.07382
4.50137
6.81104
3.25845
14.0833
10.9771
21.0447
24.6024
9.40866
16.9495
7.92421
8.45958
34.4759
12.05
19.2611
12.6838
27.5367
11.0903
22.8411
6.84931
19.754
4.28899
9.72213
11.5465
8.62982
21.8416
11.4578
12.5257
17.0229
5.47316
3.18649
2.52175
4.15981
4.74833
2.81973
3.31005
3.24761
4.2947
4.42897
3.90816
3.91949
3.76341
3.69686
3.68822
4.2722
4.38849
4.32312
4.20361
4.13018
4.31188
6.89441
6.46812
6.58827
6.45582
2.03827
11.8893
6.4091
4.86711
5.26535
8.78656
16.6
10.4885
34.3963
6.05463
22.3756
8.42274
9.30911
16.7173
13.8818
9.8011
28.5395
47.8432
4.60669
6.16326
12.4583
11.3353
19.6328
21.8802
11.9616
3.39113
3.09408
4.86641
3.43375
4.04217
3.46848
2.53973
2.76363
3.14348
3.26353
3.37136
3.48116
3.63244
3.83113
3.93532
3.81201
4.15214
3.01112
5.71521
5.06127
5.79444
5.41627
7.44353
7.1422
5.03473
4.03486
5.46681
10.3002
14.5059
4.96226
8.41515
19.5761
15.4017
14.0263
27.4171
16.0669
12.7964
17.1444
16.0942
3.9984
14.1414
17.5697
7.38361
16.1063
33.558
24.4914
10.2124
16.6413
15.0387
14.0574
3.33103
4.87749
3.82253
3.61868
2.84062
4.30022
3.33358
2.85054
3.25318
3.1474
2.88936
2.62197
2.64865
2.88154
3.20619
3.38378
3.36959
3.40612
3.78926
4.31308
5.90497
6.59633
5.07312
3.56176
12.6429
6.03375
5.64079
5.04363
9.84481
7.85087
6.11601
16.6956
17.5471
6.60423
5.70956
11.2603
18.3123
20.4193
17.7621
5.54386
14.2381
15.3927
13.291
9.13428
13.2122
13.0405
14.6048
4.61772
9.48398
17.0826
3.49809
3.63823
2.64995
5.11825
3.02145
3.90492
2.69659
2.74132
3.97804
4.10889
4.19742
4.17054
4.1731
4.3645
4.7265
5.17959
5.89613
6.54954
5.07104
3.75963
3.75721
4.63649
3.75662
4.67879
3.66999
8.25768
11.7059
7.99536
8.19234
13.8943
6.77185
16.3789
4.60579
14.2346
21.2418
28.3422
52.5749
29.4488
21.5672
23.9742
16.4096
21.0486
14.3201
19.7521
10.9978
12.2089
18.1576
13.5706
26.4523
26.8634
6.57043
3.52938
3.89634
2.44286
3.53139
3.60093
3.37346
3.75138
3.51887
3.46498
3.78246
3.69666
3.86622
3.98675
4.01531
3.91461
3.78394
3.94963
4.79512
6.50962
4.24684
3.56623
3.28574
3.23976
2.85313
4.19844
3.57748
16.323
3.15737
18.1235
27.4379
2.03241
37.175
28.4828
24.7676
20.7133
29.7312
6.17774
46.1943
8.09068
35.2575
11.5537
13.6071
50.3719
17.2092
17.2969
17.5636
11.1678
20.6167
17.2114
5.1337
2.98617
2.8174
4.34245
3.00202
4.1543
2.85205
3.20183
4.55784
4.32703
3.08133
3.24217
3.12175
3.33096
3.58042
3.68532
3.59041
3.49394
3.8062
3.6582
3.72148
4.19935
3.94418
3.40007
3.2399
5.39784
7.25585
6.1763
2.72582
2.31115
6.1079
11.7898
11.9906
5.23838
6.0223
16.4446
32.4025
28.0857
8.48055
19.1793
8.99092
19.8093
22.1086
22.1768
28.3886
12.4398
19.7427
24.5969
15.023
7.52828
4.47129
4.36773
3.52109
5.16747
3.25701
4.50085
3.31179
4.00597
3.70319
4.00265
4.45116
4.99049
4.8746
5.17309
5.5153
5.53644
4.97387
4.50435
4.2651
4.02752
3.56363
3.17241
3.28176
2.68284
6.89008
9.39667
1.27368
5.33522
19.5379
5.27664
4.47059
12.483
10.1116
12.655
19.2121
15.1393
28.1514
17.744
8.81166
11.99
11.2821
17.8892
27.018
7.60911
7.54026
15.4976
8.18495
32.3747
12.7845
26.8976
4.24262
3.58993
4.72496
3.35203
3.08923
3.51148
4.25666
4.48759
4.01811
3.33776
3.53962
3.57129
3.78981
4.08569
3.57021
3.68725
3.95566
4.33083
4.58232
4.38726
3.84587
3.31616
2.88304
2.54744
1.4765
2.42618
2.76728
8.88893
4.31722
11.8711
8.22937
4.90288
4.89709
24.1289
22.6723
12.7613
7.49368
17.4816
34.5699
21.2302
40.4066
25.477
13.0208
8.40686
16.7111
18.1252
19.6101
16.4208
33.6297
11.1305
4.01899
2.93862
4.70886
3.29787
4.20155
3.86477
4.27065
3.61761
3.588
4.09023
5.08525
3.73805
3.60156
3.69059
4.05662
4.20235
4.60559
4.63317
4.29111
3.83216
3.3237
2.74687
2.13289
1.31407
1.00677
2.15158
0.729798
1.18689
3.82607
32.3297
3.27578
7.74784
4.59373
20.428
9.65562
12.4548
11.3294
34.0879
11.2325
16.8762
30.0992
10.3174
16.1791
14.718
52.9716
13.1468
33.2252
24.058
14.1231
17.3533
5.84315
5.10367
3.95803
4.15668
2.93317
4.15753
4.35024
3.96035
3.63068
4.64831
5.45465
5.05482
3.88714
4.4017
5.09722
5.09791
4.75559
4.19425
3.66457
3.21355
2.76382
2.21606
1.61426
0.849421
1.26758
3.27899
1.24896
2.86171
4.13697
2.5427
7.77761
7.00124
9.84168
4.64831
32.6848
18.2515
20.1029
9.50546
19.1549
18.586
35.7412
16.3476
20.3233
8.77022
13.3613
41.2406
20.0374
10.1775
45.4089
36.8964
4.52515
3.41269
3.46914
3.72632
3.75666
3.60538
4.2286
3.66829
3.40775
4.74418
5.95254
5.12645
5.1317
3.99846
5.0561
5.28695
4.31649
3.48494
2.9667
2.52578
2.15662
1.67641
1.06543
0.385521
2.21582
4.6451
2.13534
4.36643
5.98623
3.31543
4.77871
9.72705
8.02809
8.0311
12.1076
20.9051
19.0493
14.0318
7.51335
15.6277
16.9253
23.8408
9.26395
16.5811
16.5904
10.6908
22.3492
10.6534
19.4396
15.7639
4.15426
3.79508
4.02914
3.91973
4.53431
4.45789
4.58414
4.061
4.19911
3.74713
5.54906
6.20108
4.47605
4.79412
3.07748
3.22341
2.71033
2.77533
2.10211
1.75619
1.46138
1.10475
0.474476
0.285185
1.82243
2.6948
1.87229
12.7276
11.243
29.27
9.69549
6.1633
18.6859
19.4815
14.2603
15.2691
28.1705
32.0312
13.0736
18.9734
7.59264
15.7763
17.3208
17.3928
10.3216
11.6412
12.5755
17.7877
38.8821
26.3898
5.20812
3.52036
6.97523
3.86663
4.98801
4.77103
5.24307
4.73072
4.45537
4.90078
5.01917
6.0483
4.70804
3.83347
2.87798
2.95082
3.54325
2.55848
1.52805
1.06497
0.650676
0.583121
0.354469
0.921277
1.77639
2.30429
5.89765
3.41379
17.136
13.9555
8.81996
8.90239
6.74361
8.56712
33.3436
12.333
43.6767
34.9093
26.9202
12.1788
12.5407
37.4178
16.1806
33.9679
20.1528
13.9174
6.08183
26.496
17.9919
12.1423
10.6902
3.29884
4.65714
4.08432
5.36579
5.22804
6.01842
3.66815
4.76936
5.67533
3.85626
3.93479
3.82467
2.95209
3.73402
2.95516
2.8514
2.36868
1.42455
0.713943
0.269052
0.504498
1.0525
1.64583
2.18606
2.57987
5.1616
6.98104
15.3854
17.8829
6.83102
10.3742
13.1436
19.0997
14.2508
19.9098
7.84676
12.129
19.0737
13.4332
25.133
31.6185
21.3222
25.3277
12.5102
42.5696
12.4146
14.7475
32.2406
15.9321
3.64201
5.18228
4.82653
7.62488
4.3978
3.56415
3.33327
5.82822
5.61697
6.97695
5.34929
3.1932
3.01249
3.92223
4.15666
2.35207
1.69899
1.4612
1.34929
0.964556
0.983558
1.9594
1.99474
2.54092
3.15381
3.54412
4.11984
7.43661
6.69827
5.71067
18.1419
12.4936
12.5031
14.7495
10.7243
8.38248
10.2677
14.0153
12.2226
34.3338
24.2339
19.7803
22.1413
37.4963
36.8908
18.7281
20.3502
19.7786
15.2685
41.1387
5.22043
5.72072
5.6083
6.29909
3.27916
6.49263
4.83024
5.18066
7.24056
6.02335
4.9247
10.4656
6.1971
2.7025
3.15216
3.16852
0.823507
0.836694
1.00812
1.02504
2.47338
3.90199
2.92182
3.47224
3.4421
4.81965
5.22895
4.55637
12.2024
12.9024
20.5174
12.8599
10.1085
9.87084
10.6857
6.71461
16.0228
13.0121
39.1462
53.0398
17.844
22.5155
15.9259
8.64924
28.9666
16.3099
16.0288
19.7607
12.658
11.4719
5.2617
5.3764
5.94934
6.43888
6.23069
3.41731
5.79076
9.97084
6.47008
8.37801
7.02043
15.5755
6.19949
2.52968
4.67336
1.9405
1.49177
0.483867
1.32569
1.52668
3.03225
6.28878
3.42039
3.98207
6.43346
6.90229
5.47947
7.79027
11.4159
17.042
28.1415
19.0604
25.8843
20.3718
25.7088
17.6576
21.8335
26.0632
15.7526
11.0779
32.5773
18.0821
16.2653
11.5814
13.7979
9.72918
21.5286
32.8356
11.3777
31.4758
7.39336
9.82515
8.43659
4.17774
5.79661
10.4579
6.27379
8.70659
6.21305
9.60313
3.06347
38.4972
5.86906
7.36405
0.689712
1.10284
2.18453
2.32802
1.82242
2.16958
3.25665
4.11647
5.83548
5.6688
12.1852
6.00135
13.3876
6.47017
8.10175
7.24387
17.423
26.3228
14.8802
6.74198
16.4654
30.8401
21.0866
20.0848
21.9617
9.65306
15.2384
37.7266
28.7274
28.4599
12.7918
25.7705
8.48512
16.5135
31.6463
50.5677
6.40702
5.65643
5.13391
9.23696
5.57626
5.53529
6.16264
2.77617
4.70792
7.47148
23.5884
9.05038
11.2589
5.6712
5.45924
1.83531
3.27666
4.04647
4.20182
2.79826
3.48401
4.32906
4.99056
5.23447
10.8544
6.82087
27.2826
6.26056
10.9981
5.25981
28.6532
42.3764
13.8114
13.2036
21.7726
27.1306
17.4919
32.9443
18.966
23.9264
16.5436
28.8144
46.1564
15.4208
21.1451
37.2396
7.66745
29.3657
9.46261
11.3056
16.9267
21.8978
15.8108
6.52253
3.81521
6.70125
7.77855
7.90809
7.2681
10.2957
21.9283
6.89018
9.50524
5.1801
24.9867
3.90443
8.66472
6.83209
7.87948
5.39711
4.45021
4.94001
10.6735
5.70152
14.2213
9.55112
19.0081
22.5784
18.0328
9.7602
6.64126
15.244
19.8568
14.9694
11.0803
28.1019
18.9216
15.5554
6.20822
20.9002
33.2026
44.0768
43.5695
12.4241
36.4515
20.8375
14.3817
19.2502
25.0628
30.2706
6.37759
17.3478
3.26143
8.30089
4.85273
7.15083
12.3514
3.5486
9.08965
13.0036
17.8716
11.8472
13.8099
13.8963
9.25905
15.3247
2.67745
7.38104
23.0521
17.3182
9.33871
17.0879
6.3747
11.0727
33.1153
13.3271
16.6931
30.5336
16.1893
15.6747
5.43271
14.4024
24.436
21.1475
10.718
26.4042
21.219
37.884
13.1798
34.3699
42.9688
16.02
41.2027
15.4945
11.6181
23.3582
29.9737
44.6503
22.3434
8.33428
15.3283
14.9174
14.0178
10.1328
6.23978
21.6873
14.0776
11.6052
7.5713
4.72324
11.3453
13.4433
10.0945
7.0296
6.27035
19.3566
20.094
5.66328
8.2562
8.78073
6.12335
8.58203
21.3964
8.02875
25.1334
22.6932
16.649
19.9141
38.2048
13.2951
16.6865
16.6821
26.0898
23.2374
77.8144
31.6268
48.5188
18.3926
20.1072
42.6054
37.2999
26.2132
41.8761
15.7336
17.1581
18.4549
22.7583
24.348
12.9668
33.7203
27.3354
8.80713
7.37715
8.15333
9.6076
6.43
16.9967
22.0846
19.8003
20.981
34.0812
22.9004
11.982
22.955
13.2832
16.5359
19.9312
9.9382
8.81027
10.8906
31.9259
14.8168
7.19885
11.6355
13.732
21.5987
29.1006
15.8893
41.982
20.8373
4.58753
52.4057
36.2882
22.7347
68.51
12.0306
34.7839
48.4784
26.1775
10.908
52.3295
13.1752
36.9245
12.915
58.5104
21.7979
20.2383
16.2105
17.5086
11.5133
6.38823
6.26796
4.12009
26.554
6.84024
9.1061
18.8493
17.9948
1.43969
14.9867
21.3187
13.7858
4.82541
9.05286
6.12368
5.86903
36.1249
23.9147
7.77352
11.4542
28.9912
50.0555
4.35057
10.1267
17.6836
44.8353
30.3547
16.0978
14.2333
18.5114
17.1342
8.856
17.9106
24.6765
49.5399
27.6581
52.5332
42.1262
27.1405
35.5415
18.9856
49.5384
27.6792
20.0466
27.7175
23.8198
24.0364
14.2472
55.1657
16.3463
5.40685
3.21041
41.0908
29.0198
10.5099
29.3285
6.54127
18.1094
17.1219
5.1496
13.6264
32.1568
15.9445
8.97314
14.9171
34.7297
9.4072
13.9928
17.1793
7.21342
10.7036
6.72556
30.6353
17.1897
6.27
14.5497
33.4166
11.9732
4.87635
21.2602
6.36548
33.1306
24.3422
13.3012
45.713
28.5671
60.0561
54.6548
13.7754
26.7657
6.47164
39.8776
13.8327
37.3831
36.5026
37.2747
24.2358
26.158
28.8456
21.3865
18.8269
3.09671
29.6423
13.6036
9.89823
37.5796
8.73528
46.3799
36.1915
24.1694
5.51897
24.5393
13.7324
13.3994
23.0871
19.8092
18.1637
18.2524
26.5216
18.854
22.4603
11.3793
10.165
28.0482
22.85
17.8218
15.4038
37.6643
28.8224
33.4624
41.3856
17.8122
5.97842
18.5673
28.6364
31.4512
34.1323
14.5583
42.4616
14.4605
30.7807
28.6602
26.6156
62.165
77.0995
29.4816
48.2909
22.5916
23.8462
20.7297
8.24594
9.44774
3.57199
20.4388
13.755
22.2638
28.1492
8.85512
14.3418
20.277
21.8949
26.408
9.04082
11.2661
43.0615
33.7796
15.3362
9.86622
33.9705
10.2474
5.98716
10.798
6.65764
43.8218
25.4402
14.4279
8.08577
27.5869
10.5086
10.9248
37.2336
6.36202
20.9593
32.8916
18.9225
24.8844
22.9354
68.5893
40.5653
36.2381
14.4827
31.9866
22.783
20.3017
47.7191
26.6764
14.2988
39.2023
23.9199
49.2748
4.26203
12.1151
8.12657
33.8147
18.4684
16.7327
15.5632
9.69205
4.88719
20.1609
12.2098
18.6805
24.0407
25.2759
36.648
11.4307
17.2541
19.4919
16.9989
8.57026
20.7232
8.81308
8.42532
8.91406
37.1267
29.3168
32.1426
17.2142
7.93353
45.4862
11.7834
13.1641
39.1282
31.5378
29.5075
48.5604
39.3585
11.1621
21.6446
15.162
27.5668
47.591
44.8657
36.383
33.8405
17.6669
59.0907
16.6385
42.6997
39.7976
11.537
12.2742
10.4639
5.73619
5.3736
27.8221
9.91581
21.5473
23.944
27.3025
20.2111
36.1597
14.6662
14.914
39.1864
10.9166
9.61155
36.2472
26.49
14.7482
22.0864
22.5406
30.7703
16.8417
18.4724
24.8993
49.1094
18.4576
51.2348
20.2509
45.9086
36.9415
69.9226
26.2822
16.5878
13.5704
20.4072
35.4286
18.9442
20.1133
49.2052
43.1025
48.887
58.0189
77.9481
40.0139
42.2569
26.4649
50.1933
33.4052
15.6389
12.8959
25.503
10.5421
7.09689
4.74702
23.5476
8.14201
6.01533
29.9251
8.44704
17.7633
33.9897
24.6735
27.539
23.485
15.6803
22.9656
29.7401
11.6665
42.0305
19.9288
10.7466
15.7453
37.7338
31.924
15.0366
17.9884
9.96999
13.2511
27.5555
37.9143
21.2813
23.5939
23.2109
20.4279
39.3034
32.454
30.0027
32.2445
46.3838
40.8604
19.6939
73.899
64.1221
70.3811
50.7895
19.7009
40.7436
81.6145
39.6381
20.5551
7.97485
15.1161
14.3195
20.1585
34.3097
5.82231
12.3358
13.3213
9.47369
14.1144
17.7012
10.295
10.0695
22.2957
16.1802
16.4623
14.0354
24.1839
24.4818
25.5822
34.6667
31.6232
22.9343
22.3919
36.4502
26.1007
31.7128
18.2561
61.1851
14.2408
15.8911
49.3352
54.7387
25.9455
15.6762
28.8739
19.12
30.2921
53.1646
31.9675
65.8046
24.0538
45.8937
13.893
48.9361
53.9749
107.953
37.6747
9.70009
12.3759
20.8523
11.3139
9.67114
26.401
9.90356
15.4739
15.2589
20.7277
34.9317
25.8903
10.6063
40.8876
24.6125
44.0619
38.1774
26.8053
32.5893
23.3939
45.0218
18.8566
20.2452
29.0024
10.9457
12.696
45.9219
34.7245
30.072
24.6443
35.4062
31.9003
57.3067
16.9709
68.7718
39.1885
18.6908
54.277
22.1824
16.1754
37.8287
15.9596
22.2168
27.2927
21.9178
29.7061
35.1577
87.3564
59.1383
38.9558
14.1257
14.4157
16.0854
41.486
28.3893
18.3151
34.8107
19.7976
48.5978
9.65406
9.6549
15.5611
11.5973
35.7239
23.0834
23.5071
11.3908
26.1333
15.1003
16.6408
53.5955
26.2866
40.9858
35.7014
19.5563
43.1539
34.0319
47.9862
18.3354
10.5804
34.8224
46.9408
14.4657
18.421
31.515
27.8024
23.2317
12.1592
21.6392
15.5575
32.9672
44.0126
31.2071
38.4009
62.5833
34.6715
56.6141
50.259
87.4915
51.5236
8.37477
39.9453
6.42244
20.8035
8.64985
10.6969
14.6998
9.965
19.2857
9.61757
15.3766
20.0106
7.13791
16.8355
15.8735
20.1997
49.74
31.8327
29.4472
16.6743
18.7118
50.9184
14.3649
21.6459
52.6928
25.5699
10.466
49.5687
44.207
20.6409
39.1241
42.9549
13.0107
32.1738
25.38
30.0552
43.3838
18.0145
29.2071
38.8031
46.2223
18.2438
30.8019
34.4434
27.2976
28.1258
25.7842
19.8326
20.7886
54.1096
15.0192
24.5213
8.51155
32.4827
14.4805
17.4519
13.8258
42.4931
21.864
32.7392
23.4388
24.6393
19.2259
27.3213
13.2255
22.894
26.3458
18.1641
49.9958
14.0824
23.0117
25.7304
18.8428
17.4353
18.9436
29.1352
9.49765
11.9741
20.1409
66.046
29.8687
20.8974
66.3066
30.6221
43.5006
28.0194
50.782
24.0283
55.9392
22.5401
69.1958
52.6995
52.8996
49.358
82.2346
48.9534
18.0634
23.8786
92.0518
87.3694
35.7818
30.5728
16.6039
36.2632
10.4577
13.114
11.4778
40.5487
36.5519
19.1581
41.3431
10.282
30.9579
17.7538
20.1756
14.1246
20.6857
38.8098
11.6836
2.89268
35.086
10.5939
26.6809
29.8077
39.3487
11.6871
15.4789
52.6353
22.6703
17.768
44.244
36.7288
22.7326
11.1926
47.0578
69.1362
25.321
36.469
42.6736
12.0836
50.2235
61.7328
32.4536
38.7558
50.5082
33.9128
98.7562
49.5879
56.2061
66.7994
4.25958
11.5003
20.112
22.0194
11.8984
19.7204
52.5493
12.4063
27.9405
26.4324
33.0331
10.6112
9.77409
23.6709
34.2637
9.0417
27.4739
36.7376
22.3106
42.528
18.1564
26.9197
27.6479
11.1912
30.0737
32.2597
29.911
16.6834
34.3758
44.7886
52.32
32.4611
22.9473
24.6063
32.3234
36.4716
80.2869
59.9813
32.0268
58.9512
63.3916
53.73
33.4538
34.6121
16.6013
108.588
30.9778
77.6158
46.7972
46.0638
16.1359
25.0091
44.7506
40.9092
17.3313
18.7259
15.7931
27.9371
54.2554
16.0868
9.24296
36.9762
9.80558
7.34732
37.5836
51.7464
42.6875
29.0805
40.9761
22.0507
33.7995
14.762
33.6469
16.9732
13.578
40.5224
25.9048
37.0841
23.7089
40.447
32.6695
23.9455
62.2931
43.8757
25.3183
19.7801
38.3539
37.3663
53.5762
79.2928
17.8679
33.1851
50.4443
26.3944
40.5192
68.6813
28.6506
56.4046
61.4464
28.1215
36.1314
14.4089
19.5813
55.0038
22.4111
28.2216
12.7493
42.0302
10.057
19.9626
7.62242
21.1321
26.669
25.7954
22.5735
13.7757
21.1764
18.8602
17.858
40.5483
22.0824
53.826
64.1003
33.9692
33.9124
45.6614
34.4989
46.1178
66.0965
30.8025
32.9218
23.4858
39.0284
31.3499
65.5294
43.1401
59.3412
12.0241
47.8203
41.4745
70.528
28.8153
49.1192
18.5852
19.402
26.7599
87.7476
89.7349
43.308
36.4065
17.1965
42.4803
30.637
49.3912
14.1423
21.2213
20.4203
21.2764
14.766
16.4702
16.2103
16.422
17.0112
13.6391
7.71988
52.9322
39.9159
38.6439
16.9978
8.02685
26.0373
54.4932
49.9682
14.7035
13.624
18.9505
50.1434
30.6674
30.816
40.5988
67.2249
58.0773
77.0565
21.0432
44.682
21.9248
15.8967
50.1838
37.9015
28.1631
69.6674
50.2639
56.1329
37.1013
87.4655
30.9777
91.1847
15.1105
51.3481
62.4308
22.4799
35.8262
23.838
31.1196
31.7841
36.4955
12.7167
12.0707
26.2682
20.0541
25.6818
63.1848
31.6862
13.2219
16.9137
36.7871
54.1038
27.0877
18.3655
25.013
43.2725
29.1818
36.7744
40.7729
31.6662
46.7837
40.5653
46.1573
59.8767
10.4224
36.9113
22.2085
17.277
46.3404
43.1861
35.5171
41.681
31.133
42.9557
50.1414
11.46
27.7359
64.2305
30.796
100.096
134.375
59.3804
47.996
25.9034
16.701
29.8583
14.2553
8.70627
6.50891
10.7683
47.3491
19.8481
11.9672
25.7583
24.4534
34.6791
27.7735
24.5276
17.0524
45.1291
68.7955
20.809
20.5914
18.7374
59.2645
24.9856
32.5682
51.6583
54.4742
40.1648
14.9757
48.3278
47.7708
24.4726
28.623
31.7951
65.4194
31.0364
66.9191
31.0186
27.6929
32.9202
41.4615
72.1541
56.7802
45.4605
58.6496
20.706
78.5885
22.9049
54.4541
18.2042
17.9373
28.5496
123.375
31.8341
38.3515
51.8268
21.6967
21.1371
13.4464
28.9363
21.2766
28.3318
37.0656
15.2972
56.6381
43.8268
49.1607
24.0424
16.8669
48.6968
34.0606
15.6463
49.1313
29.2251
34.3435
36.7428
20.2161
40.8054
90.1446
26.5423
67.4878
18.0498
48.8604
15.5509
32.4505
30.081
40.2032
43.4799
69.2063
47.1221
103.807
48.0512
44.1048
21.1395
99.8208
25.3846
23.3074
18.2935
41.0903
24.3972
65.179
28.6138
24.6193
35.9798
27.1168
32.336
16.2078
24.2252
55.5181
28.8092
17.9251
20.1598
30.7899
17.2497
49.0901
30.6131
13.0329
9.68764
46.1011
33.1066
13.2804
25.1125
41.3362
25.0304
28.8455
19.6273
55.9763
33.6258
35.0271
41.3621
61.832
21.6695
77.5597
33.4648
21.9244
68.1049
89.3853
33.329
26.0402
45.3336
65.8945
24.0409
53.0221
19.2103
103.017
55.8589
38.9246
56.9807
60.443
54.0891
64.5517
20.6635
23.3305
18.5328
17.3927
38.987
43.2851
61.4758
28.5171
25.4928
28.9325
54.6043
23.766
40.189
40.3926
32.5234
38.0922
13.2229
17.5428
32.7373
73.6777
45.635
16.0355
17.7893
65.4565
35.6811
22.3857
20.9645
24.4373
61.507
30.1392
17.9698
93.9656
21.8846
33.0042
20.8298
31.4782
64.5868
26.8718
52.4094
27.4588
28.7132
37.9306
52.4469
45.2808
72.7594
60.8709
22.9889
65.4386
71.4229
59.3516
36.695
20.2838
28.9661
23.0383
18.0843
16.4672
39.8006
18.8256
42.4637
32.3431
12.2649
13.9583
6.82151
42.737
39.0715
29.8919
35.1429
31.7879
38.2916
10.2474
25.8217
26.0555
18.2425
38.7899
34.5353
32.8494
35.586
27.2548
60.967
41.6281
49.1758
105.416
43.5511
36.6407
61.299
24.376
108.186
31.7325
75.0893
22.4155
36.1709
28.3153
20.5736
66.7612
62.0523
125.57
62.913
63.0293
11.0531
45.3489
47.8762
81.0769
30.0118
20.7597
63.1162
24.0028
19.3938
27.8803
23.0991
36.8078
9.83247
26.4601
10.8688
44.2212
27.9772
12.89
22.283
38.2284
39.8267
17.9688
49.7062
72.677
37.3046
55.9934
55.3308
48.6031
40.7869
20.4477
45.3675
28.7102
24.4448
41.0596
56.0364
27.7663
89.1524
50.1999
62.6029
25.3677
47.4411
35.9143
73.1317
51.0402
68.6559
83.7336
44.8292
19.5414
28.2677
27.1361
84.8004
39.0027
66.1821
27.1462
6.78915
60.9266
16.5899
12.7208
23.2412
21.8678
25.9594
41.5199
42.3464
15.6481
25.5617
33.6323
39.7188
21.0735
25.1705
37.5381
44.9363
53.4268
48.4322
37.3678
59.6396
16.5165
19.7012
36.1521
44.3557
23.4841
33.0468
36.3753
41.3983
55.0852
14.0638
30.554
65.3253
31.1927
64.0322
36.5061
70.1095
20.2142
132.699
53.2308
58.2695
19.0968
60.2444
33.9668
46.6377
61.6475
45.3504
68.9868
78.7633
84.4596
22.5354
19.9837
35.2032
43.9438
9.34115
48.5972
31.5975
29.9624
22.8337
14.337
26.8796
59.8337
16.3394
38.3523
48.9051
11.7026
69.139
39.0892
29.6972
41.8549
38.9756
20.8402
23.0618
19.1432
29.4961
31.1384
29.0425
20.4148
37.2238
32.4054
84.7771
29.0676
61.2088
21.0929
71.4414
41.3205
20.7444
61.3661
42.2187
56.5898
103.183
88.5243
60.5007
45.8349
89.7136
38.8919
30.8968
61.6687
71.7318
65.6837
13.661
29.5197
10.5204
20.4192
26.0563
32.3416
23.7154
16.4113
18.6978
16.9894
38.7399
18.409
15.1785
27.1176
14.9178
38.531
25.4573
14.7936
27.0055
21.1284
63.1697
30.8773
30.8829
42.1838
40.2809
17.8195
46.2034
33.4942
72.5757
32.5431
14.6207
37.6572
21.5069
94.0274
50.2383
46.6169
21.5976
65.0461
27.9041
75.908
38.209
38.7169
35.443
11.5918
62.8998
59.7952
74.012
47.8567
134.102
82.1915
18.058
14.3655
26.4924
11.9816
30.7282
28.9091
8.73352
45.056
17.9198
21.8902
21.7762
15.5383
24.688
26.1904
29.1394
90.3615
18.4384
39.5117
19.1414
38.4275
12.5501
18.2167
37.292
21.1057
55.2585
37.3115
80.2812
56.8126
64.1942
37.0855
12.8289
37.8474
29.3553
37.9181
29.853
71.837
59.4481
40.4907
35.3512
24.5982
33.4728
28.2537
112.005
94.9477
100.405
87.0937
27.0971
72.9002
37.5894
56.0193
34.3696
23.2816
26.889
38.8614
42.2542
19.984
37.9445
15.7174
39.6482
23.7819
17.5333
20.2887
43.5046
42.1601
30.5445
58.8605
28.2102
28.7206
27.8021
31.3653
48.8289
15.4837
36.0934
19.6675
38.962
23.8795
22.079
37.0959
22.1223
37.1988
63.3797
31.274
36.5199
76.7196
51.1156
69.024
31.2815
87.6892
67.7258
16.4517
65.3401
43.8664
91.5761
24.4679
63.2587
28.3854
57.0263
108.502
60.1537
22.4009
37.033
38.1601
18.39
34.9045
34.5318
20.175
18.2064
25.922
34.5123
41.1421
22.9429
20.4566
57.9935
43.2062
28.4663
32.5281
27.4351
20.7278
38.7195
28.606
21.1043
11.2653
30.4422
25.1037
39.3911
33.3003
67.7951
25.4392
38.7288
17.0482
19.2319
63.5471
41.7141
24.1084
69.0128
99.3984
72.2343
62.8362
45.1046
24.1366
60.2575
67.2616
124.977
36.4139
31.8396
33.4944
78.7769
51.2676
31.604
48.1406
27.3759
59.2884
23.8006
24.5642
20.6616
17.3917
17.6956
40.3703
26.5664
27.4109
17.4902
17.806
16.7091
15.8055
23.9515
47.3035
28.7532
59.1632
55.2821
63.0561
13.8073
28.5696
33.5872
35.7813
94.3499
32.4079
29.9424
35.9609
28.4096
25.6799
19.739
86.8511
38.1498
33.7835
67.0389
20.6616
77.0733
49.2749
63.2118
21.122
97.49
35.3362
27.9403
63.7664
59.8017
94.1187
72.3276
53.9399
89.5117
43.1353
32.041
46.697
23.0646
6.20717
41.4732
23.1283
23.663
34.8602
37.2052
16.0833
67.9757
50.3544
23.2544
16.8943
19.9529
44.3256
36.5416
39.9015
28.2716
8.88148
44.8802
32.1077
64.5717
30.619
32.4628
44.5948
64.6483
35.9175
33.0779
66.1025
48.7418
47.5326
24.1901
70.8926
51.1243
27.9751
29.1717
23.7799
40.003
17.9271
9.99728
15.8853
26.5296
46.8242
22.5875
90.708
57.0014
61.155
100.176
29.2075
15.4524
19.0883
55.1324
29.9208
16.8094
14.5627
9.19549
16.7391
49.9413
30.6923
18.8084
16.8924
12.701
30.2922
10.1673
68.2985
78.6713
9.16195
65.3252
49.2236
14.7738
44.9535
31.8038
37.9757
23.4461
31.8633
47.6466
58.013
15.5464
25.5438
47.8814
20.4791
49.2562
36.2372
35.2986
51.0659
16.1358
44.278
46.4581
68.753
102.819
44.9837
52.3474
36.9966
28.0226
51.0761
26.6874
37.7954
15.482
32.2353
21.466
16.0533
29.2224
25.2154
35.8665
22.6156
47.4079
15.5266
22.0999
10.7467
13.8359
33.2194
32.2419
35.977
18.7074
16.4311
43.9504
52.1645
43.6348
41.697
23.3021
20.7325
16.275
46.4804
40.3822
43.9076
36.15
15.7914
32.6312
56.3273
37.3993
15.7141
50.5727
26.1108
47.9411
23.7313
44.7108
36.5755
68.029
26.5489
86.3471
65.1791
103.554
50.1498
85.9697
53.3859
31.4708
63.8326
56.0706
44.2379
39.6557
14.9339
19.7917
23.4995
25.7794
49.9375
31.7663
40.57
16.9914
42.5437
28.0492
15.5959
15.7346
35.3009
14.5656
18.0575
20.8747
44.9102
46.8776
25.6321
33.5872
28.5283
15.2271
44.7141
9.23683
18.7871
26.3018
41.0633
41.3742
50.1615
58.8802
20.5511
25.8275
14.941
39.764
48.4737
67.8715
50.6645
23.7901
61.6523
37.6225
38.5169
39.4862
60.4939
42.1798
82.6041
82.0699
34.5615
58.6506
74.5294
43.3025
47.6603
13.348
21.1129
46.844
14.6784
54.313
26.8765
39.2119
28.1511
98.9427
43.9774
32.2992
70.8333
24.1044
29.9211
31.2125
25.0166
21.9138
26.0595
20.6172
13.2553
46.5457
60.0898
26.0042
80.4168
41.2251
17.9487
56.1081
42.5347
62.6929
40.7258
37.5574
55.6269
45.3771
47.7234
93.1134
39.2459
45.2156
57.6039
47.3155
83.078
51.8688
50.7583
12.2244
47.537
25.5726
141.185
43.1548
55.5949
27.9217
31.288
30.7131
28.7759
29.2022
16.9262
67.0807
9.4988
41.9809
30.2903
30.18
27.2185
35.5286
29.7751
42.6534
27.0897
85.0851
39.8368
56.9275
48.2957
72.7759
11.1082
35.3988
50.5383
27.1748
26.3941
24.1449
41.2002
18.8846
37.0137
58.7665
23.4453
77.4234
16.8264
36.5897
39.5571
62.2952
107.457
58.6411
34.7556
27.8181
48.6017
35.8116
38.7942
19.5574
46.5703
72.3031
22.7432
50.1716
42.2644
28.2419
15.126
15.4869
80.9072
17.6065
15.9784
33.5319
12.5136
15.2304
19.5263
14.6461
15.5659
32.749
23.8979
13.2798
17.9976
19.7296
31.0897
15.2474
15.8759
19.0302
44.7737
39.7777
43.854
38.6996
25.4884
20.6648
24.9498
61.844
22.4193
20.8092
107.64
22.3169
18.5402
42.7513
17.4252
33.5705
90.6793
27.9819
13.8141
19.8841
45.3957
33.0232
96.2164
19.9832
55.328
69.8974
51.9106
50.1845
59.6103
43.6196
14.3496
40.6033
24.8639
26.6935
27.8879
31.6571
15.6903
26.9864
36.1337
35.8219
4.97372
22.7182
55.8543
21.6722
48.7521
26.9452
22.0969
88.3387
18.1531
33.4181
18.0771
79.2209
14.9274
25.7189
27.113
16.4781
27.254
16.9887
46.7956
26.3461
30.8437
38.6804
39.4396
29.475
32.844
23.4979
34.943
19.6052
27.6929
37.7272
31.9308
64.613
63.1104
73.1114
56.8482
44.4426
33.7951
31.0848
72.8372
38.4579
22.4671
19.3185
11.9619
22.4807
17.9841
18.6937
17.4471
14.8212
36.6918
21.9906
19.1974
61.6708
14.2496
41.4474
35.009
41.3161
27.6056
44.1376
8.77514
11.9676
31.8057
52.0847
54.3655
59.7116
18.7294
46.3628
29.9123
40.9226
29.3344
32.2895
24.2887
33.2107
27.3153
37.6843
43.9275
12.9754
56.481
28.9204
23.5188
38.847
34.2361
109.09
73.3993
88.4331
53.9436
47.178
95.0396
34.1605
50.0629
37.9296
24.2824
30.3481
25.3747
44.7855
15.9645
19.7546
28.2238
10.7141
17.1098
23.9357
47.1875
15.8929
30.9894
58.8828
23.156
27.1453
12.5201
43.3859
17.0614
30.0742
10.0837
18.3487
49.0122
51.2208
56.3609
48.3749
23.1141
21.3099
82.4815
26.2415
32.4782
68.5494
47.4711
25.0295
60.6115
41.5954
10.2691
74.2268
34.928
21.0452
54.8791
16.4869
78.8456
34.1512
64.412
25.7495
41.3399
76.0867
92.2761
18.0695
15.8772
33.5786
27.6093
23.4523
23.2641
33.9953
20.978
31.8865
14.0502
36.1164
19.6076
15.7204
45.758
17.3208
25.101
26.9684
21.2512
27.7895
9.46696
14.7671
12.5533
14.5526
10.999
14.8341
45.1285
43.4294
32.289
60.4973
57.2268
19.0584
30.4777
83.2116
15.152
12.5596
26.9316
41.5031
17.1091
22.8861
63.1256
24.3997
29.9063
37.3149
34.1072
38.8272
60.9621
62.1144
38.3689
37.2933
26.3344
38.2252
16.5255
5.24663
10.5875
22.8764
26.8361
33.8682
26.2903
16.2288
22.6137
8.75175
21.0675
14.273
57.419
20.6477
19.9822
17.7641
16.1055
46.642
45.8474
31.2447
10.4711
21.4641
43.5206
36.3241
22.8338
24.5085
31.3079
41.2228
86.2049
22.9525
15.0637
19.5476
24.969
46.0114
54.6532
40.3319
18.7948
40.0675
35.0129
11.5225
52.5531
19.8212
34.0716
31.0421
50.6086
38.8059
27.7043
26.3824
28.6965
31.8828
25.6002
20.6487
11.7258
12.5624
33.0188
14.1288
36.7177
39.9832
25.5277
29.5299
15.4195
18.2024
21.5893
5.10185
42.339
19.1599
27.5867
23.8297
8.99659
29.7121
73.9371
12.7463
41.4235
20.8314
51.1726
62.2989
18.7277
18.7781
39.3267
35.3212
17.3381
42.4701
14.2481
23.0787
41.7344
28.2503
17.9497
22.0545
25.3359
41.2418
24.1467
39.4822
37.5045
53.5836
87.7455
86.0117
39.8107
12.0965
49.9087
13.2447
13.0921
26.3923
25.3338
15.7564
8.37871
23.8583
7.30309
15.3172
32.358
21.7814
18.1142
45.6286
29.4586
34.3035
18.4246
39.1266
31.3377
32.2846
17.8722
19.0327
17.4267
21.982
34.2148
33.1712
35.4841
46.7697
27.5285
11.9408
62.5294
35.5594
23.0554
29.4455
44.1646
24.8858
50.2943
67.1484
21.0744
55.1447
33.6996
37.896
44.8442
40.9087
32.385
45.5858
38.6162
22.4768
34.3179
93.0756
20.7921
28.025
21.2216
37.4934
28.2002
21.2275
15.1119
9.06491
13.5896
8.22112
17.7944
17.3773
38.6005
18.9078
12.5848
40.5205
35.4753
30.613
26.4426
18.4364
23.632
33.6386
28.7428
29.0363
32.3928
31.5234
11.6975
22.4842
26.2785
17.8479
20.5331
39.4591
28.0648
28.0522
26.9949
35.3287
42.9704
29.8911
37.9786
42.5082
77.7615
49.3941
36.9768
27.8033
44.296
67.9779
20.6886
92.483
27.164
23.5039
58.1386
32.5691
44.2895
65.1636
32.6498
19.2801
10.8127
41.7386
12.6079
28.5135
9.61914
18.1073
23.0767
12.0454
14.2906
6.93715
16.2367
28.6055
11.8548
33.0362
13.3009
14.2212
44.7883
28.5456
17.5765
27.7787
40.973
101.142
37.6416
12.546
48.2115
20.7044
24.3201
35.6957
20.3688
13.2064
61.2745
38.7365
32.8445
66.2366
20.7915
19.79
9.5264
53.8395
44.2231
32.3331
106.002
57.7917
18.8214
15.0963
18.5905
19.9029
15.021
22.1504
13.8802
10.0599
16.5291
28.7178
16.7642
12.1714
33.8357
21.8554
11.8124
16.2056
10.6064
25.7153
24.0065
14.1697
9.34644
42.5396
9.33762
7.35635
11.9054
16.4425
40.3526
9.74349
18.125
35.8548
50.1674
33.6341
17.32
17.5118
14.7942
26.1368
33.5064
18.3302
48.2799
32.0087
17.665
11.6281
13.6024
58.1677
65.1217
57.656
15.7763
44.1969
19.1546
35.6366
56.4982
34.1586
26.2655
30.9441
16.8304
16.7352
13.5968
16.0828
8.82699
22.0462
13.5809
23.5688
11.5492
6.22287
9.79737
13.7774
7.7516
13.9516
12.7481
29.101
15.323
37.8976
15.5596
31.597
25.6884
19.801
23.6596
31.2523
53.2965
47.7919
25.7921
34.1577
86.5999
24.9962
28.9484
15.6145
68.9763
31.1197
14.0731
35.4232
30.4034
51.0345
18.8779
30.5218
6.34874
28.8977
23.8092
69.7117
20.02
33.2113
23.1773
38.5493
37.9159
13.0355
17.6986
15.1808
8.46617
14.7323
20.3175
10.6809
9.04969
17.1752
20.7097
28.0514
10.949
22.2431
37.6286
13.7053
41.005
6.60491
52.1114
37.9779
9.58094
16.7322
25.0321
30.9205
32.5838
28.6988
26.7272
25.8009
36.1863
18.9874
26.3985
24.1291
25.1449
24.0883
76.3993
11.4687
23.1147
27.9218
43.6429
25.9179
25.6973
34.9143
37.1798
21.4304
14.5098
28.5122
59.0701
43.6916
32.2251
36.3103
56.5444
14.6464
18.8154
10.1502
7.59221
13.5011
6.8056
21.377
8.2177
23.2231
20.0222
23.7541
6.12784
7.26631
33.4637
35.6602
13.9777
35.5825
28.3001
10.9086
29.2507
18.1476
22.3435
35.5037
13.0878
18.2674
15.3999
12.5564
7.28796
35.2556
22.4701
39.0374
12.2674
18.5338
45.7423
35.7328
42.017
44.784
30.4462
16.6449
24.2728
66.4776
37.2385
65.7132
37.6324
20.5276
28.2181
33.2234
54.5378
22.3991
53.1692
17.8102
7.78692
15.6848
8.60044
23.4625
31.4658
29.7905
5.38672
7.6249
12.5895
10.6917
3.53028
19.5344
10.4363
15.2911
24.4831
8.13766
22.5576
21.1358
58.0817
25.072
19.4566
26.2934
43.4885
31.0892
22.0874
31.9925
29.0752
17.2816
20.1562
15.4164
13.7228
56.9324
42.0054
41.6661
65.1593
16.8417
24.5165
22.2395
24.6402
62.2465
18.4285
21.0118
23.5059
9.61406
74.5063
27.8553
19.9916
63.7671
40.04
15.6203
9.58147
12.4103
8.32663
18.8713
19.8985
14.2164
10.0682
7.55603
16.1517
13.4063
5.62446
8.63889
5.85801
19.6863
8.38148
20.527
24.5153
22.8019
27.4869
23.8438
19.4364
40.6896
44.9035
26.0526
13.6811
7.78927
41.3308
42.4478
35.9922
10.2891
15.4516
76.7336
9.60964
70.4523
14.7159
49.0744
29.7821
17.6481
26.4591
41.2063
41.0984
22.0875
48.7483
27.288
28.6941
43.7935
56.6237
26.5099
37.2714
7.09126
18.0113
15.8642
24.9009
13.2876
21.1819
33.7499
7.51714
23.3934
7.08492
3.99677
19.9823
35.1921
8.20821
15.0622
18.3177
11.5222
27.9454
14.928
24.8258
30.0981
9.97744
6.92842
11.739
28.6289
11.0081
12.1099
15.095
12.6486
13.0168
43.0735
18.2143
24.7797
12.6398
27.495
14.8632
51.4347
15.5161
69.4007
42.1628
49.7961
18.1885
35.7456
52.235
14.1389
11.3471
13.5966
31.1619
18.4862
65.476
7.72943
17.6909
17.5932
12.8743
14.0783
13.4039
39.917
6.63922
7.84742
3.27748
21.4523
10.1962
5.08735
12.131
8.32095
9.22488
22.7633
10.9552
6.92007
55.4193
11.7138
5.84751
11.6726
30.854
37.1711
24.1826
13.444
36.4509
40.6856
22.4025
8.09124
11.87
14.6355
21.4125
52.9088
18.6531
8.0798
33.7953
63.5762
24.3001
18.8757
31.9039
24.369
77.6222
20.0196
30.0237
36.7891
31.3845
46.6819
22.5831
9.5372
7.44535
25.4164
27.5523
6.8108
23.1582
15.259
13.5521
14.8165
9.34369
19.5532
4.70017
11.6808
13.5686
6.42957
7.29754
4.25558
14.684
11.6351
17.1575
22.8801
19.3385
27.9511
14.4153
19.9316
13.7172
21.6168
34.7933
23.5502
20.3631
12.0178
28.4167
36.1936
19.6947
10.0614
30.0474
22.1861
18.7088
24.2096
27.6897
18.2608
21.3454
27.7378
31.6472
17.052
43.8846
38.8415
42.0755
32.3123
12.274
6.39434
15.5622
9.53402
11.0073
37.7261
7.70518
13.7877
12.2228
3.36325
7.4782
16.8079
20.094
7.65161
8.73218
8.12787
25.4379
16.2499
22.2977
6.31467
13.9178
20.0675
5.94297
19.727
17.5997
20.0919
9.41107
11.5517
21.3645
30.194
23.9065
34.1442
38.916
11.806
23.1681
16.7496
8.10895
20.4534
16.548
20.3005
20.6815
10.6719
57.0439
31.1015
19.1244
25.0192
25.7606
33.0549
35.3654
15.7752
44.125
20.1899
6.54174
5.18683
4.31501
5.23432
5.67529
9.78503
6.41979
5.10472
7.18535
21.5004
8.15423
13.5859
23.5627
28.8233
10.2814
7.65721
18.3513
13.3036
7.64654
14.6563
13.618
27.9553
22.4017
9.68134
11.3561
12.2434
25.2294
8.26342
30.1982
21.4097
6.73079
5.22694
29.043
16.4767
18.3081
51.3747
12.1649
16.3499
17.1639
20.7235
21.78
13.0772
63.4789
28.126
37.3227
22.0901
19.6373
8.21702
17.9811
9.1377
6.13523
7.69987
8.22838
9.7428
7.39513
22.7526
8.63945
12.2344
8.64478
14.7664
9.43567
20.6933
5.63321
9.55824
19.2665
5.81903
23.1536
5.06721
7.01021
28.1697
13.836
6.11146
9.82796
41.5878
9.91588
10.8194
35.3997
13.6489
27.3184
42.8147
12.6462
20.5522
13.9837
58.1998
46.0778
19.5809
21.1364
9.39479
18.1306
14.5108
25.5613
12.902
31.8404
39.4136
35.2584
12.0254
11.7958
21.2782
18.9376
2.0134
13.5505
10.4516
9.13906
24.8664
10.6968
16.4174
6.09389
5.05456
8.81077
12.7125
9.09584
14.8415
23.1105
14.7536
13.5739
16.3244
17.7837
19.3818
27.0145
22.9428
8.79112
15.6747
7.2535
20.7327
20.5761
13.7673
18.2643
16.0301
21.9668
26.0986
9.52602
16.9442
15.0714
14.6722
16.1117
21.0127
34.0593
33.8544
34.2771
11.523
17.5098
30.3256
20.5796
6.23138
39.6632
16.2484
29.4295
21.832
36.4732
4.23811
6.90206
3.49073
3.79263
6.83649
2.16854
13.577
15.7066
16.6917
11.7347
5.06141
11.1231
10.0122
13.0415
9.65408
21.0855
6.20929
9.98451
4.05319
4.98796
11.7955
9.56958
23.0493
22.8052
6.30489
18.325
40.8212
10.9188
18.4486
12.3833
28.8388
23.9129
33.1943
36.6314
9.02358
6.23164
37.6241
15.6787
17.1735
8.37135
18.4996
33.5373
32.7465
17.5083
5.84826
39.5254
32.7722
11.1113
13.7635
11.3672
4.69863
2.41393
4.60349
4.75623
5.48526
7.89495
8.50901
3.45765
16.0784
5.43107
8.12133
11.1905
6.83247
4.30965
15.0877
9.6392
12.3734
16.1105
6.2964
30.5895
20.3178
15.1721
17.7063
9.6365
11.4359
21.4758
21.6673
7.34957
29.8
11.5677
17.88
10.4709
21.073
17.6877
20.2573
16.5366
16.5956
17.7002
21.3727
50.4618
55.2114
12.8544
9.93892
21.9904
47.2954
9.45695
29.1601
27.5296
31.8559
14.2238
5.73766
4.28453
7.7796
5.57218
4.34165
4.87891
9.33671
8.98182
4.97588
4.87998
5.39628
7.67693
15.0368
7.84398
10.2251
8.30895
6.83312
6.33086
8.40352
4.4848
4.75343
17.271
5.45528
13.9935
6.3991
8.68093
35.979
18.6923
32.6047
14.2456
9.25231
43.255
39.7102
7.30082
19.6389
7.9546
34.3722
22.7774
39.702
10.7598
42.9921
21.5704
31.8636
34.472
17.2829
25.7252
24.3078
12.1963
29.4932
13.1136
3.77537
7.45082
6.401
3.94182
5.22406
10.9542
7.57683
5.51579
6.07947
6.51882
4.34826
5.17438
13.6092
16.5854
17.1259
12.9473
12.0373
14.1856
27.8195
20.6781
15.9342
4.19502
15.1256
24.4829
8.79139
6.14273
9.79982
7.33929
35.7002
28.2416
48.0198
7.73077
5.15062
16.0539
16.2367
11.001
25.8487
28.7681
11.8767
37.6027
22.7642
18.4804
12.3183
40.0306
41.3613
20.8974
20.5654
36.5346
10.4429
8.74279
9.05396
2.66743
3.95202
10.0578
3.98635
7.10328
3.3853
4.26612
5.91339
1.15276
4.66894
3.79688
16.5246
4.33092
4.30654
1.96403
5.532
4.79544
9.11945
12.6454
15.0503
5.29338
15.4296
9.10825
15.779
10.7425
14.4052
35.2744
13.1503
34.049
24.9643
14.7757
13.8658
11.7409
24.6035
24.7089
19.8741
14.1909
60.0405
23.7526
28.4943
10.8145
18.9702
18.4305
19.3877
22.3146
22.913
21.4675
6.35048
6.75136
5.8037
4.28722
4.41551
6.15023
4.95486
2.31434
3.01015
5.61226
7.31446
4.42364
8.77586
4.83165
9.61625
6.48001
5.32996
8.23793
3.51909
9.24321
12.4604
12.6857
10.105
8.51994
4.65146
29.9536
5.59994
8.79733
7.85215
17.3596
12.3863
7.72287
40.809
10.4529
29.1454
21.0021
9.76275
8.11142
13.4327
12.8393
6.2914
23.3471
6.21622
6.01982
18.6806
18.0083
40.4055
17.6603
40.1092
14.4201
19.1144
4.94169
4.65778
3.28764
5.90796
2.13095
3.13724
2.47266
3.57437
5.91011
3.32189
2.67348
2.49464
4.4888
4.70888
9.99864
5.34289
5.29828
3.28432
3.95958
6.88889
8.51628
12.8175
17.5734
31.9809
4.51031
29.1285
2.505
8.45042
3.67483
10.416
10.0623
32.5538
8.82895
17.1788
7.50468
10.2201
18.384
48.6788
7.62252
11.4322
19.1275
10.6072
31.6773
9.31089
34.4797
15.4721
11.5832
24.3221
32.9045
11.2571
59.219
3.73218
4.12012
3.82547
5.23619
6.167
6.59784
3.97314
4.21823
2.7124
8.49434
7.44413
5.28763
8.42966
4.17734
4.11245
8.24372
3.89102
8.21682
17.146
17.5498
14.0716
21.0762
9.38744
7.98261
11.7776
6.86767
4.89195
6.9373
9.11376
8.66349
13.5742
12.3365
5.14421
18.412
10.8011
5.20087
12.118
8.18485
7.0934
19.0053
18.7641
13.3319
19.1062
7.64742
17.9519
9.59218
12.3917
46.0399
7.93706
23.1816
3.42062
4.28094
2.97854
4.02013
5.24888
3.45619
2.32427
2.64751
5.87858
4.32673
5.17599
3.47656
3.70592
4.97486
3.43085
4.0453
7.41451
14.2798
11.7597
9.62448
7.62004
7.47732
18.1374
14.1109
4.06905
12.9517
5.5221
9.91348
15.7055
20.0794
7.0556
13.4416
12.82
24.0279
11.0957
5.07225
26.2384
8.54925
9.63039
17.1215
14.1722
24.6886
29.9846
35.1258
22.7254
11.6088
8.42727
8.13985
12.7172
23.3357
4.89068
6.47972
7.22373
5.14792
4.65014
8.36374
3.24382
4.39997
4.39481
5.0942
2.63159
5.90893
5.78329
3.36278
4.78859
4.88873
4.51293
5.65041
3.86087
3.00804
7.3606
9.17334
5.34976
19.3687
17.911
13.5695
20.4919
8.79028
14.2359
18.8966
10.3559
7.26352
5.52773
17.9461
6.3895
27.4469
18.5897
13.1924
6.25123
23.6541
16.7537
20.0231
9.67188
36.9392
38.996
12.7994
23.99
30.3486
25.9126
14.3214
5.24099
3.13454
4.66495
6.74068
4.63219
4.54226
4.74991
3.83437
4.19609
4.14447
8.53581
3.47231
3.60361
4.03524
6.78008
2.38498
7.7117
7.30243
5.51254
7.60318
5.01943
3.98283
4.64251
3.59281
9.08353
9.88575
25.3264
9.30092
16.7806
15.7892
11.0439
9.72261
14.9646
47.7489
18.6662
33.0483
10.4534
20.2209
31.8983
18.0504
29.6421
13.3058
32.7526
26.2496
31.9095
11.3382
27.3248
16.0931
14.1479
12.9606
3.55691
2.882
3.8939
1.32762
1.99399
4.05841
5.00193
6.27008
4.38011
5.10721
2.89161
3.46636
5.19148
3.4299
4.40127
5.30583
7.47762
4.17496
4.12783
6.00673
5.02789
8.12648
11.4816
28.0316
5.90131
20.9235
13.0608
8.29642
30.745
17.8946
29.5321
6.98114
21.7866
18.8318
7.00627
7.08945
13.3839
29.928
12.8962
16.2283
40.2918
18.4408
17.2711
8.11479
15.0152
18.1706
18.1461
16.305
10.7101
28.0942
5.53775
1.38576
2.07217
3.95412
2.85333
3.00498
4.39122
3.27622
3.20306
6.31276
3.93816
3.40093
3.04155
3.90816
4.15144
8.81198
4.83359
7.75437
4.41059
5.63988
7.45401
11.8187
9.44896
8.45283
11.0843
4.21671
13.9707
7.49671
26.8406
10.4028
9.75465
5.00464
13.2962
21.3236
9.03033
11.6681
31.8861
13.7073
5.84064
14.1718
13.422
12.9357
10.8825
27.8793
9.88277
19.1449
9.47721
22.435
5.44809
22.4072
6.27316
2.97751
2.74618
4.7752
6.89741
3.42001
5.69587
3.62595
3.3394
7.32663
4.27979
3.65739
4.27186
2.72187
3.8072
4.80014
4.69683
6.34851
6.31029
4.89161
10.0674
7.24943
11.3611
7.37597
7.78053
13.5823
16.3713
16.2288
12.5723
5.875
28.001
8.27253
11.5388
8.03085
9.03474
19.0343
16.3592
20.1497
30.8754
23.2708
21.0696
7.44735
5.73383
21.4847
19.3786
19.8691
12.9267
11.6344
19.9649
11.9831
2.75481
5.27511
4.62831
2.88337
1.85331
3.21693
3.72606
5.71619
6.4728
6.20617
4.91952
2.78515
7.45887
4.7399
5.31234
5.63689
4.3218
3.84308
4.57898
5.37052
3.27849
7.07194
23.0699
15.3787
3.41248
8.20975
27.8319
11.7368
9.63596
10.4005
9.82899
4.81103
26.1218
31.3413
39.0999
13.3976
14.6106
14.7698
18.7344
25.6415
23.3127
11.7906
25.7989
15.2859
13.7815
12.6364
12.5055
16.819
8.40916
38.4375
6.15238
3.15141
1.61615
5.4856
3.08145
3.15027
3.48538
3.30209
3.70163
4.2553
4.46068
5.68881
5.9906
5.109
4.05428
5.00576
3.93098
5.058
4.19076
5.03795
5.74605
5.81965
14.1513
9.74019
23.0088
9.0387
15.7191
12.0372
6.99525
11.8135
20.8214
5.14162
22.4932
8.60841
18.0193
9.96351
6.51064
21.9419
6.8466
6.85917
14.7613
28.1668
11.7959
17.141
9.18127
9.42909
13.1801
26.3477
7.80563
10.7827
